senior: 0.2654637
thematic: 0.2779079
ecr: 0.2029281
